[vfpic]
verbose = false

dt = 1.95312500E-03
nt = 2922
em = 62.83185307179586

cs0 = 0.0
B0 = 1.0
rho0 = 1.0
ampl = 0.05
ikx = 1
ikz = 0
initcond = circular-wave
itWrite = 16

randomizePositions = false
writeParticles = false
