[vfpic]
verbose = false

dt = 0.000244140625
nt = 3616
em = 25.13274123

cs0 = 0.0
B0 = 1.0
rho0 = 1.0
ampl = 0.05
ikx = 1
ikz = 1
initcond = circular-wave
itWrite = 128

randomizePositions = true
writeParticles = false
