[vfpic]
verbose = false

dt = 0.0025
nt = 12800
itWrite = 128
ampl = 1e-6

cs0 = 0.0
B0 = 1.0
rho0 = 1.0
Omega = 1.0
qshear = 1.5
em = 32.0
Lx = 6.614774839566561
Lz = 13.229549679133122
x0 = -3.30738741978
z0 = -6.61477483957

randomizePositions = false
writeParticles = false
