[vfpic]
verbose = false

dt = 0.0025
nt = 12800
itWrite = 128
ampl = 1e-6

cs0 = 0.0
B0 = 1.0
rho0 = 1.0
Omega = 1.0
qshear = 1.5
em = 32.0
Lx = 3.3073874197832804
Lz = 13.229549679133122

randomizePositions = false
writeParticles = false
